100 300
0 9 8 16 53 59 66 70 80 84 99
1 9 29 41 46 61 71 83 85 92 96
2 3 31 67 73
3 3 23 26 38
4 5 11 76 81 88 93
5 5 34 35 54 70 72
6 6 21 34 49 76 88 98
7 6 19 25 33 53 64 76
8 5 0 16 25 37 93
9 6 32 49 56 83 87 94
10 4 15 22 56 90
11 5 4 48 61 76 88
12 6 15 43 61 83 88 98
13 5 18 19 20 43 77
14 7 18 20 30 45 74 83 85
15 8 10 12 19 36 54 79 87 94
16 9 0 8 18 48 54 57 60 65 66
17 4 21 39 68 92
18 5 13 14 16 51 57
19 6 7 13 15 33 50 77
20 8 13 14 25 61 64 75 79 88
21 5 6 17 42 46 81
22 6 10 33 37 49 67 70
23 2 3 65
24 3 50 55 62
25 5 7 8 20 88 95
26 4 3 45 55 61
27 5 36 49 55 59 98
28 4 34 56 65 93
29 4 1 32 45 99
30 11 14 32 36 38 41 45 46 49 70 80 91
31 8 2 40 45 52 59 74 77 80
32 6 9 29 30 45 49 57
33 13 7 19 22 34 36 47 53 55 57 58 76 82 94
34 10 5 6 28 33 44 53 88 90 91 98
35 7 5 39 40 42 54 64 89
36 7 15 27 30 33 58 73 98
37 5 8 22 45 59 89
38 4 3 30 58 79
39 5 17 35 41 73 86
40 3 31 35 44
41 9 1 30 39 47 59 69 86 87 99
42 5 21 35 45 52 89
43 5 12 13 70 85 98
44 5 34 40 73 80 98
45 10 14 26 29 30 31 32 37 42 67 87
46 10 1 21 30 57 58 63 72 85 95 99
47 5 33 41 64 70 71
48 3 11 16 76
49 8 6 9 22 27 30 32 83 90
50 6 19 24 54 57 65 76
51 6 18 55 74 82 87 94
52 3 31 42 72
53 7 0 7 33 34 63 81 82
54 8 5 15 16 35 50 61 66 70
55 6 24 26 27 33 51 58
56 8 9 10 28 62 70 72 76 93
57 8 16 18 32 33 46 50 63 92
58 6 33 36 38 46 55 97
59 8 0 27 31 37 41 64 77 88
60 3 16 74 81
61 7 1 11 12 20 26 54 84
62 3 24 56 77
63 5 46 53 57 72 97
64 6 7 20 35 47 59 76
65 7 16 23 28 50 77 94 98
66 6 0 16 54 82 91 92
67 7 2 22 45 70 74 78 91
68 3 17 71 75
69 4 41 73 75 91
70 11 0 5 22 30 43 47 54 56 67 78 84
71 4 1 47 68 99
72 6 5 46 52 56 63 88
73 7 2 36 39 44 69 83 86
74 7 14 31 51 60 67 76 90
75 4 20 68 69 99
76 11 4 6 7 11 33 48 50 56 64 74 82
77 7 13 19 31 59 62 65 84
78 2 67 70
79 5 15 20 38 81 87
80 4 0 30 31 44
81 6 4 21 53 60 79 93
82 6 33 51 53 66 76 97
83 8 1 9 12 14 49 73 91 97
84 7 0 61 70 77 90 92 96
85 4 1 14 43 46
86 3 39 41 73
87 8 9 15 41 45 51 79 93 96
88 11 4 6 11 12 20 25 34 59 72 95 97
89 3 35 37 42
90 5 10 34 49 74 84
91 6 30 34 66 67 69 83
92 5 1 17 57 66 84
93 6 4 8 28 56 81 87
94 5 9 15 33 51 65
95 5 25 46 88 97 98
96 4 1 84 87 97
97 7 58 63 82 83 88 95 96
98 9 6 12 27 34 36 43 44 65 95
99 6 0 29 41 46 71 75
