100 300
0 4 1 8 53 5 77 4 80 18
1 2 2 -2 98 9
2 3 3 5 83 13 69 16
3 3 4 4 88 17 30 2
4 2 5 7 98 4
5 4 6 6 27 7 20 4 21 13
6 4 7 9 34 8 49 17 1 15
7 2 8 8 44 2
8 2 9 9 4 0
9 7 10 13 6 2 5 3 37 14 7 20 48 13 58 19
10 3 11 11 95 13 70 14
11 1 12 11
12 3 13 -1 0 18 57 -4
13 3 14 11 86 12 75 13
14 6 15 6 26 9 50 2 7 7 97 3 76 -2
15 1 16 14
16 3 17 11 84 7 1 18
17 1 18 0
18 4 19 12 75 -1 55 15 52 17
19 2 20 -1 32 7
20 3 21 15 43 19 37 2
21 1 22 2
22 3 23 6 14 18 18 15
23 2 24 8 10 0
24 1 25 6
25 4 26 11 32 19 72 7 73 12
26 5 27 5 60 13 31 3 64 7 44 6
27 3 28 13 8 7 63 17
28 3 29 5 38 18 82 20
29 2 30 8 60 18
30 4 31 3 75 6 43 1 77 4
31 5 32 4 84 8 68 13 30 20 73 11
32 1 33 9
33 3 34 4 99 19 8 13
34 4 35 10 47 6 15 16 62 13
35 4 36 14 19 7 12 9 41 15
36 6 37 1 35 15 7 3 53 7 79 1 57 20
37 3 38 3 40 3 87 6
38 3 39 4 89 -2 22 18
39 4 40 3 35 6 97 13 49 4
40 3 41 2 17 19 74 11
41 4 42 7 21 14 87 2 18 19
42 2 43 0 57 19
43 4 44 3 84 18 83 12 71 8
44 1 45 9
45 1 46 1
46 3 47 3 90 4 86 2
47 3 48 2 23 1 76 3
48 2 49 10 50 16
49 3 50 4 81 6 27 -2
50 2 51 -3 1 2
51 5 52 11 31 1 72 12 95 2 86 -4
52 2 53 7 76 17
53 2 54 0 35 15
54 2 55 2 92 13
55 2 56 -1 71 20
56 1 57 14
57 2 58 5 95 8
58 5 59 9 33 13 54 14 61 1 25 10
59 2 60 14 51 6
60 2 61 2 14 17
61 2 62 2 79 16
62 2 63 10 86 -1
63 1 64 -2
64 3 65 12 99 -3 43 12
65 6 66 -2 69 1 78 6 15 -1 18 11 62 6
66 4 67 14 12 15 79 7 22 14
67 4 68 7 75 13 15 16 41 16
68 3 69 -3 15 15 90 20
69 4 70 8 5 15 16 12 1 9
70 4 71 -4 27 16 64 14 98 4
71 4 72 9 92 19 34 3 66 10
72 6 73 1 96 8 0 19 92 8 71 14 75 19
73 3 74 2 43 12 45 20
74 5 75 7 56 -2 26 14 41 6 34 10
75 4 76 5 88 -3 31 10 27 3
76 1 77 15
77 1 78 11
78 4 79 6 92 14 23 13 18 12
79 1 80 6
80 2 81 12 30 7
81 1 82 10
82 4 83 13 54 13 84 20 44 16
83 3 84 2 6 5 15 13
84 1 85 13
85 3 86 7 14 15 96 6
86 6 87 0 79 12 25 9 24 5 49 2 81 14
87 4 88 14 38 11 72 9 10 7
88 1 89 9
89 3 90 1 0 3 7 3
90 1 91 15
91 3 92 10 93 1 65 -3
92 4 93 -2 84 0 64 15 96 16
93 3 94 12 48 12 61 14
94 6 95 3 35 -1 47 12 64 5 51 12 70 15
95 2 96 5 3 18
96 3 97 2 87 -3 67 15
97 1 98 1
98 4 99 6 68 11 8 -1 19 13
99 6 90 -3 8 19 34 5 95 17 45 8 93 10
SOURCE 0
