100 200
0 3 1 91 19 70 99 99
1 5 0 91 2 41 29 89 43 78 51 5
2 6 1 41 3 38 4 98 26 30 45 51 66 73
3 3 2 38 4 87 89 36
4 5 2 98 3 87 5 25 6 25 48 27
5 2 4 25 6 45
6 5 4 25 5 45 7 16 20 99 47 89
7 6 6 16 8 33 34 83 36 52 60 40 76 16
8 5 7 33 9 68 19 91 27 13 81 88
9 5 8 68 10 7 56 46 67 37 79 58
10 6 9 7 11 46 76 15 80 55 85 36 93 13
11 4 10 46 12 51 35 90 36 9
12 2 11 51 13 32
13 5 12 32 14 12 16 37 47 28 75 8
14 5 13 12 15 61 53 69 70 4 77 83
15 5 14 61 16 8 25 63 56 73 98 6
16 5 13 37 15 8 17 10 28 93 71 15
17 5 16 10 18 51 44 36 49 22 68 49
18 3 17 51 19 41 89 86
19 6 0 70 8 91 18 41 20 13 68 47 96 48
20 3 6 99 19 13 21 51
21 5 20 51 22 8 28 51 51 14 92 35
22 2 21 8 23 71
23 5 22 71 24 62 33 32 36 62 77 44
24 4 23 62 25 27 57 79 68 53
25 5 15 63 24 27 26 87 59 15 96 64
26 4 2 30 25 87 27 91 41 69
27 5 8 13 26 91 28 55 75 98 86 13
28 5 16 93 21 51 27 55 29 52 41 35
29 4 1 89 28 52 30 71 66 58
30 3 29 71 31 80 52 57
31 4 30 80 32 91 46 32 92 33
32 3 31 91 33 93 56 51
33 7 23 32 32 93 34 73 73 30 78 14 89 6 90 28
34 4 7 83 33 73 35 35 91 71
35 3 11 90 34 35 36 37
36 5 7 52 11 9 23 62 35 37 37 74
37 4 36 74 38 19 42 8 92 28
38 3 37 19 39 92 71 14
39 3 38 92 40 81 71 13
40 2 39 81 41 54
41 4 26 69 28 35 40 54 42 20
42 3 37 8 41 20 43 1
43 3 1 78 42 1 44 42
44 5 17 36 43 42 45 65 78 36 90 42
45 3 2 51 44 65 46 96
46 4 31 32 45 96 47 35 93 67
47 5 6 89 13 28 46 35 48 21 83 47
48 3 4 27 47 21 49 22
49 4 17 22 48 22 50 76 58 80
50 2 49 76 51 4
51 6 1 5 21 14 50 4 52 99 76 9 80 92
52 4 30 57 51 99 53 19 84 56
53 3 14 69 52 19 54 73
54 3 53 73 55 91 65 50
55 2 54 91 56 84
56 7 9 46 15 73 32 51 55 84 57 96 58 98 69 40
57 3 24 79 56 96 58 71
58 5 49 80 56 98 57 71 59 73 95 4
59 3 25 15 58 73 60 51
60 5 7 40 59 51 61 77 66 21 74 11
61 3 60 77 62 21 67 1
62 5 61 21 63 92 75 56 84 10 86 74
63 2 62 92 64 31
64 2 63 31 65 9
65 3 54 50 64 9 66 58
66 5 2 73 29 58 60 21 65 58 67 41
67 6 9 37 61 1 66 41 68 26 72 80 97 41
68 6 17 49 19 47 24 53 67 26 69 64 89 39
69 3 56 40 68 64 70 23
70 3 14 4 69 23 71 36
71 6 16 15 38 14 39 13 70 36 72 47 88 54
72 3 67 80 71 47 73 39
73 3 33 30 72 39 74 71
74 4 60 11 73 71 75 26 81 23
75 5 13 8 27 98 62 56 74 26 76 24
76 6 7 16 10 15 51 9 75 24 77 23 95 16
77 4 14 83 23 44 76 23 78 83
78 4 33 14 44 36 77 83 79 24
79 3 9 58 78 24 80 72
80 4 10 55 51 92 79 72 81 17
81 4 8 88 74 23 80 17 82 85
82 2 81 85 83 24
83 3 47 47 82 24 84 66
84 4 52 56 62 10 83 66 85 91
85 4 10 36 84 91 86 74 93 36
86 4 27 13 62 74 85 74 87 13
87 3 86 13 88 27 95 67
88 3 71 54 87 27 89 3
89 6 3 36 18 86 33 6 68 39 88 3 90 6
90 4 33 28 44 42 89 6 91 63
91 3 34 71 90 63 92 99
92 5 21 35 31 33 37 28 91 99 93 23
93 5 10 13 46 67 85 36 92 23 94 73
94 2 93 73 95 14
95 5 58 4 76 16 87 67 94 14 96 50
96 4 19 48 25 64 95 50 97 38
97 3 67 41 96 38 98 73
98 3 15 6 97 73 99 65
99 2 0 99 98 65
