100 400
0 9 16 17 45 49 59 70 80 96 99
1 6 19 41 46 61 85 92
2 4 31 67 73 75
3 3 23 26 95
4 2 8 76
5 6 30 34 49 54 58 72
6 4 21 34 88 98
7 6 8 33 53 64 73 76
8 1 0
9 7 49 56 66 83 87 94 98
10 1 90
11 4 4 76 87 88
12 3 51 88 98
13 5 18 19 20 68 87
14 4 20 30 74 83
15 7 10 12 13 41 54 79 94
16 7 5 8 48 54 57 60 66
17 6 21 57 61 65 68 92
18 6 1 2 14 16 51 57
19 6 7 13 15 33 35 77
20 4 75 79 81 88
21 4 42 46 55 81
22 2 10 67
23 3 3 65 75
24 0
25 6 7 8 20 47 79 95
26 3 45 61 92
27 5 16 36 49 50 59
28 4 3 52 65 73
29 4 1 18 91 99
30 5 14 38 45 49 70
31 3 5 52 77
32 7 9 29 30 45 49 81 98
33 6 22 34 36 53 55 58
34 7 16 28 33 48 53 90 91
35 2 5 39
36 2 15 30
37 2 8 22
38 3 3 58 79
39 2 17 73
40 5 31 35 44 61 87
41 8 30 39 47 69 82 86 87 99
42 4 35 45 54 84
43 5 12 13 70 85 98
44 3 34 73 98
45 6 14 29 31 32 37 67
46 3 30 58 72
47 3 33 70 71
48 2 11 76
49 4 6 20 22 83
50 6 19 24 28 54 65 76
51 1 94
52 2 42 72
53 4 0 21 43 81
54 1 35
55 7 24 26 27 51 57 58 77
56 8 10 28 39 62 70 72 76 88
57 4 32 33 46 50
58 3 36 41 97
59 5 30 31 37 41 88
60 3 74 83 94
61 8 1 11 12 20 45 54 84 89
62 4 24 30 74 77
63 3 46 53 57
64 6 20 35 47 59 65 76
65 4 16 27 77 94
66 4 0 54 82 91
67 3 75 91 92
68 0
69 2 75 91
70 6 5 22 54 67 78 84
71 3 1 39 68
72 1 63
73 4 24 36 69 86
74 5 31 51 67 76 90
75 1 68
76 4 0 6 33 82
77 3 13 59 65
78 1 67
79 2 37 87
80 3 30 31 44
81 5 4 17 60 79 93
82 4 14 33 51 53
83 5 1 12 22 73 97
84 6 0 77 90 92 96 99
85 2 14 46
86 2 39 47
87 6 15 20 24 45 51 96
88 5 4 25 34 65 72
89 3 35 37 42
90 2 40 49
91 4 24 30 64 83
92 2 57 66
93 6 4 8 28 56 87 88
94 3 14 23 33
95 4 13 46 88 97
96 2 1 97
97 3 63 82 88
98 6 27 34 36 52 65 95
99 5 17 46 68 71 75
0.85
1e-006
100
