1000 4000
0 5 221 332 546 709 740
1 1 702
2 5 7 59 448 518 996
3 3 163 176 352
4 5 185 398 580 618 949
5 10 9 78 93 166 454 516 559 597 633 656
6 7 256 342 594 627 816 872 967
7 7 49 95 198 611 628 803 872
8 3 256 493 914
9 3 222 644 844
10 4 84 294 421 872
11 5 190 248 384 611 883
12 2 107 787
13 2 414 961
14 4 36 242 452 853
15 1 179
16 3 165 253 469
17 7 63 151 154 697 884 918 946
18 4 198 218 319 628
19 3 2 395 923
20 2 241 559
21 2 24 770
22 9 341 380 489 528 620 759 773 780 966
23 4 25 262 445 734
24 5 8 148 353 417 886
25 6 349 678 734 754 798 840
26 5 20 43 232 311 712
27 5 58 241 480 805 898
28 3 71 82 920
29 3 244 317 749
30 6 91 106 283 394 573 943
31 5 234 259 508 763 830
32 1 261
33 6 127 129 249 410 482 672
34 5 54 102 147 265 789
35 2 813 979
36 4 148 257 451 520
37 3 219 294 659
38 0
39 6 157 265 322 768 901 955
40 4 93 316 623 888
41 2 325 878
42 0
43 6 74 75 84 588 816 866
44 1 82
45 2 24 95
46 3 439 524 756
47 6 62 313 359 387 388 510
48 1 762
49 1 961
50 3 46 71 885
51 3 48 285 480
52 6 195 378 491 886 897 987
53 8 94 295 551 571 724 876 920 927
54 7 95 178 216 605 671 675 736
55 5 46 349 438 545 891
56 4 177 253 304 747
57 6 368 426 492 587 897 912
58 5 348 540 764 851 989
59 4 326 741 757 804
60 3 575 718 782
61 1 669
62 5 184 498 696 723 981
63 2 177 562
64 6 218 295 477 553 759 961
65 1 219
66 4 342 405 761 887
67 1 553
68 2 75 684
69 3 85 210 715
70 6 472 544 641 667 750 952
71 4 99 111 634 813
72 5 11 490 537 599 952
73 3 80 105 776
74 6 506 652 673 764 904 930
75 4 339 587 675 962
76 3 317 859 876
77 3 219 410 435
78 5 15 611 733 863 913
79 4 1 15 384 585
80 1 798
81 5 55 84 330 365 938
82 3 11 249 597
83 1 478
84 5 107 512 852 965 999
85 3 99 428 857
86 2 510 896
87 3 59 608 773
88 7 3 339 364 512 632 738 758
89 3 146 156 194
90 5 76 237 254 264 845
91 5 202 242 557 610 828
92 6 496 542 615 749 754 922
93 10 2 41 295 478 500 567 591 769 796 818
94 5 33 113 593 893 977
95 5 152 369 615 712 931
96 6 217 288 487 666 831 941
97 9 244 289 305 388 492 495 534 870 940
98 7 105 266 384 456 636 866 973
99 5 367 441 632 821 981
100 2 61 963
101 4 237 586 613 953
102 2 125 998
103 1 270
104 0
105 4 149 536 625 710
106 3 12 248 908
107 2 300 948
108 5 461 576 830 876 949
109 3 85 470 887
110 4 247 593 596 713
111 4 239 311 376 668
112 2 619 931
113 3 206 404 880
114 5 2 35 331 591 721
115 3 723 765 791
116 5 48 64 317 437 763
117 5 418 479 625 638 871
118 1 823
119 6 69 330 383 444 759 881
120 5 190 239 243 535 996
121 0
122 3 478 636 989
123 1 807
124 4 115 529 673 884
125 3 64 143 543
126 1 896
127 4 347 475 571 966
128 5 459 512 620 704 968
129 2 61 340
130 4 19 180 465 872
131 2 110 430
132 3 467 906 980
133 1 822
134 6 193 203 263 544 767 908
135 2 469 836
136 3 286 300 362
137 2 683 726
138 4 470 530 760 854
139 3 298 368 608
140 6 66 88 173 207 700 974
141 2 557 620
142 4 435 467 722 835
143 6 153 156 406 744 887 921
144 4 219 564 609 824
145 5 7 390 571 682 869
146 3 366 815 890
147 6 108 190 649 800 895 951
148 1 756
149 2 304 395
150 2 477 748
151 3 11 100 359
152 3 136 197 542
153 7 279 675 791 826 883 913 977
154 3 151 416 417
155 7 125 160 288 712 714 746 915
156 6 2 100 122 577 849 939
157 2 470 946
158 4 299 330 586 672
159 6 54 215 653 877 998 999
160 5 119 158 278 506 996
161 2 51 549
162 2 150 944
163 1 643
164 5 652 711 821 980 983
165 1 119
166 5 382 572 605 848 932
167 4 224 526 628 847
168 6 71 82 93 485 591 667
169 3 139 381 661
170 3 219 386 575
171 3 15 119 329
172 10 38 115 397 510 612 698 762 920 928 954
173 2 980 998
174 7 34 431 475 558 726 804 968
175 5 246 550 614 678 949
176 3 302 312 595
177 6 486 732 783 839 974 989
178 3 945 948 978
179 5 18 212 659 687 769
180 3 219 847 905
181 2 675 844
182 5 103 165 616 890 946
183 4 116 128 563 765
184 7 16 142 194 401 602 667 816
185 6 143 473 511 770 898 905
186 4 286 552 565 728
187 6 167 211 258 415 571 929
188 9 29 163 368 469 501 548 586 637 948
189 3 13 552 879
190 4 42 74 350 387
191 8 66 389 447 476 706 709 866 875
192 6 38 83 288 302 339 931
193 4 152 572 575 695
194 5 156 731 742 812 937
195 5 25 166 185 774 898
196 5 54 179 583 761 924
197 6 59 73 135 441 759 818
198 4 323 352 555 782
199 7 206 475 479 543 719 730 912
200 4 194 257 544 790
201 1 113
202 3 189 755 881
203 6 110 255 387 403 819 898
204 3 790 794 914
205 3 268 319 912
206 3 435 468 807
207 4 171 201 418 940
208 5 65 182 463 691 753
209 5 55 180 309 630 842
210 4 8 309 647 867
211 7 331 423 524 546 556 626 785
212 3 77 585 663
213 6 55 288 315 607 616 869
214 4 220 440 465 687
215 2 353 817
216 3 246 415 587
217 6 257 422 488 525 576 840
218 4 469 542 675 818
219 5 68 410 438 645 912
220 1 33
221 8 4 51 98 177 237 435 606 633
222 4 100 206 364 676
223 9 41 71 191 395 683 804 845 906 928
224 4 147 677 728 882
225 7 147 206 287 588 689 802 938
226 2 161 678
227 0
228 6 106 159 351 447 730 887
229 6 80 197 328 332 543 594
230 3 224 237 677
231 6 214 562 667 689 750 856
232 4 357 530 707 838
233 6 235 508 556 768 779 800
234 5 56 313 831 949 969
235 4 24 71 295 538
236 3 815 839 942
237 7 19 76 78 387 392 657 943
238 3 30 192 894
239 4 227 347 359 640
240 4 627 793 877 892
241 0
242 3 354 776 827
243 5 23 496 521 862 939
244 3 98 181 845
245 3 137 347 960
246 2 483 682
247 2 475 999
248 0
249 3 7 220 402
250 5 519 603 799 888 980
251 9 72 211 255 265 298 356 578 745 902
252 3 418 737 994
253 5 85 157 408 758 959
254 5 30 156 382 466 884
255 7 74 225 696 701 905 920 927
256 7 166 190 311 461 489 529 867
257 4 147 208 574 943
258 7 249 324 475 496 626 658 835
259 5 272 288 544 606 958
260 4 396 671 738 877
261 3 96 647 693
262 3 200 214 452
263 4 200 904 938 952
264 3 182 357 497
265 5 331 639 806 929 930
266 4 529 602 619 926
267 6 117 378 616 754 824 929
268 4 471 538 544 872
269 3 170 258 862
270 2 502 813
271 8 140 156 264 448 580 765 914 922
272 4 97 190 568 807
273 4 9 127 470 995
274 5 388 393 445 842 891
275 5 153 314 817 881 973
276 0
277 5 160 437 499 853 898
278 5 330 376 589 704 985
279 3 363 592 844
280 6 95 351 354 406 552 874
281 3 526 829 980
282 6 362 590 646 651 730 947
283 3 148 452 483
284 3 99 630 956
285 2 810 867
286 3 35 145 554
287 5 493 635 638 818 979
288 2 362 451
289 2 128 523
290 4 91 483 703 845
291 4 25 411 579 927
292 1 296
293 2 256 824
294 5 196 245 292 851 991
295 4 239 914 922 940
296 6 182 207 220 482 503 697
297 3 287 427 692
298 6 18 86 141 258 855 877
299 4 50 552 608 675
300 7 127 323 395 449 457 575 625
301 5 391 515 668 753 879
302 3 424 482 888
303 1 21
304 4 31 465 762 903
305 3 223 360 670
306 7 46 380 386 404 493 717 864
307 1 702
308 6 68 133 148 256 498 654
309 5 658 673 763 785 828
310 3 40 144 538
311 5 599 743 905 962 968
312 4 159 242 932 970
313 3 196 523 903
314 6 16 75 196 552 742 788
315 4 20 761 865 892
316 8 21 82 225 423 492 528 534 896
317 1 168
318 2 290 864
319 5 54 103 508 777 822
320 7 71 112 176 251 266 770 987
321 6 205 382 756 769 817 983
322 5 245 391 425 501 802
323 9 16 68 333 459 620 693 918 937 996
324 5 21 291 883 920 959
325 3 221 495 665
326 3 55 303 912
327 6 110 365 367 724 755 775
328 3 68 97 302
329 5 71 408 454 581 798
330 4 17 224 555 729
331 2 349 760
332 3 302 733 842
333 6 428 464 483 658 765 855
334 5 361 408 449 530 560
335 2 109 502
336 1 341
337 3 83 223 658
338 4 346 479 569 583
339 2 287 359
340 2 63 520
341 5 70 78 381 481 812
342 2 280 797
343 2 149 352
344 5 11 212 393 906 986
345 3 371 411 540
346 4 268 531 946 948
347 3 6 339 784
348 4 397 421 451 915
349 6 59 97 168 236 337 971
350 4 368 893 929 980
351 4 159 183 266 660
352 3 73 147 803
353 2 192 282
354 5 52 54 294 382 391
355 9 62 127 393 399 407 533 640 857 874
356 2 168 372
357 3 434 885 938
358 3 10 260 901
359 3 112 587 713
360 2 808 830
361 3 130 943 997
362 3 159 372 566
363 3 344 490 559
364 5 143 300 518 562 982
365 1 786
366 7 9 11 397 603 690 792 869
367 4 15 228 232 438
368 6 110 310 445 695 747 982
369 4 4 739 802 954
370 8 83 274 393 514 565 611 633 773
371 4 10 14 157 726
372 6 85 111 645 663 740 957
373 0
374 2 181 580
375 1 224
376 9 1 67 149 152 406 436 614 655 941
377 2 57 674
378 3 35 319 592
379 0
380 5 27 227 596 694 798
381 2 573 593
382 7 8 154 235 394 412 560 710
383 3 35 160 319
384 6 52 269 293 503 587 649
385 1 152
386 4 230 440 502 753
387 3 22 170 337
388 4 60 587 835 851
389 3 457 669 734
390 2 188 660
391 6 104 520 528 628 691 882
392 3 197 860 980
393 7 97 509 530 635 747 929 982
394 5 471 572 630 655 870
395 3 94 784 786
396 0
397 4 65 177 364 735
398 6 156 157 272 356 898 949
399 3 16 169 879
400 4 357 470 617 872
401 4 265 679 724 967
402 4 528 562 632 665
403 2 89 864
404 7 139 292 385 386 534 908 994
405 6 67 102 137 675 830 836
406 1 331
407 5 253 310 322 578 782
408 5 133 242 275 520 688
409 3 325 449 486
410 4 436 453 563 628
411 7 28 284 637 707 866 895 993
412 7 19 221 302 476 611 789 997
413 6 116 417 477 577 692 724
414 3 23 100 399
415 5 198 436 653 710 857
416 8 221 285 404 484 705 706 829 877
417 4 52 300 325 876
418 3 227 395 456
419 3 89 875 900
420 6 157 204 324 654 748 794
421 3 3 452 845
422 4 31 213 441 786
423 4 258 359 819 943
424 5 438 791 809 827 951
425 1 33
426 3 674 748 914
427 3 115 409 738
428 0
429 5 536 549 623 646 794
430 6 137 173 362 518 527 852
431 4 552 648 831 982
432 2 228 293
433 3 61 168 893
434 3 407 590 657
435 3 314 892 994
436 4 56 204 541 702
437 5 36 309 483 687 809
438 6 91 124 135 245 882 969
439 7 245 533 622 805 809 861 954
440 5 41 333 554 578 981
441 4 198 286 856 984
442 2 13 291
443 6 98 261 479 733 878 989
444 6 340 430 730 859 881 965
445 1 447
446 2 218 721
447 5 324 354 491 681 922
448 6 35 346 443 549 926 927
449 4 47 479 659 736
450 7 71 247 316 604 650 702 865
451 2 293 323
452 2 143 460
453 4 140 379 422 434
454 4 563 679 760 837
455 8 73 435 472 674 799 838 871 964
456 4 375 767 843 950
457 2 75 677
458 6 49 89 295 402 535 748
459 3 284 508 655
460 4 131 197 498 977
461 4 89 373 582 956
462 3 304 535 974
463 4 59 213 611 725
464 1 669
465 2 371 671
466 2 469 705
467 5 235 237 584 863 959
468 4 99 654 715 773
469 2 677 987
470 1 379
471 6 32 57 418 511 539 842
472 4 48 633 657 833
473 1 882
474 3 369 645 726
475 5 177 272 342 635 699
476 2 13 637
477 5 125 226 336 685 937
478 5 416 706 717 753 994
479 5 286 310 588 716 733
480 5 216 422 767 882 906
481 0
482 7 299 471 477 572 698 832 965
483 1 411
484 4 111 115 281 482
485 5 96 187 262 376 878
486 5 231 330 435 825 917
487 2 414 711
488 4 265 277 686 947
489 5 59 187 301 323 909
490 4 347 453 604 886
491 1 574
492 3 307 323 532
493 2 264 891
494 4 162 223 410 838
495 5 108 209 277 367 847
496 6 194 224 474 740 758 914
497 4 66 735 877 961
498 9 102 171 248 251 506 536 661 871 951
499 2 639 904
500 2 189 879
501 4 97 197 476 593
502 2 11 956
503 6 240 760 795 812 944 988
504 3 361 466 917
505 7 101 155 258 285 335 704 900
506 1 983
507 7 40 130 334 373 551 752 857
508 7 173 247 274 619 787 902 989
509 8 190 541 634 656 783 804 880 900
510 5 316 679 690 810 853
511 1 513
512 6 342 357 514 618 866 963
513 6 72 602 637 644 703 767
514 4 37 114 145 932
515 6 188 374 489 645 870 883
516 3 240 301 559
517 3 147 613 741
518 4 0 158 840 867
519 7 81 93 673 855 883 928 943
520 3 88 368 409
521 3 268 401 664
522 2 120 804
523 4 327 756 965 968
524 4 108 281 409 874
525 5 517 584 698 709 821
526 4 33 121 123 237
527 3 420 492 810
528 4 258 712 967 975
529 7 165 168 223 307 509 636 729
530 4 180 405 585 909
531 4 147 676 810 856
532 4 200 472 505 978
533 7 2 414 434 647 656 767 827
534 3 75 235 580
535 6 221 490 773 815 860 982
536 2 82 134
537 4 314 731 740 866
538 6 87 114 208 212 603 986
539 3 28 567 813
540 4 9 189 983 992
541 4 277 386 469 937
542 4 288 518 578 585
543 2 571 911
544 4 18 299 770 784
545 2 238 479
546 6 9 338 353 488 529 912
547 3 367 467 502
548 5 41 62 270 428 891
549 3 291 430 661
550 3 274 302 382
551 4 32 489 724 771
552 6 260 294 613 699 776 832
553 7 146 263 513 569 689 735 856
554 6 49 245 262 453 517 927
555 8 118 208 334 377 472 572 620 740
556 1 285
557 5 114 118 171 799 988
558 6 53 181 376 585 593 643
559 3 78 332 661
560 7 268 286 600 622 700 761 820
561 4 151 307 566 726
562 4 101 541 625 882
563 2 520 710
564 2 13 703
565 2 438 557
566 6 258 396 419 443 560 952
567 2 509 795
568 0
569 3 81 368 700
570 7 77 227 232 369 760 784 812
571 5 26 222 410 455 896
572 2 448 568
573 4 242 273 503 595
574 7 329 333 422 570 874 875 982
575 7 157 193 246 426 596 788 948
576 4 4 65 232 461
577 2 231 389
578 4 322 415 703 759
579 2 828 931
580 4 91 354 641 853
581 9 156 365 414 470 485 517 572 617 935
582 5 183 290 593 968 976
583 6 109 332 374 612 756 830
584 2 692 919
585 2 690 827
586 4 132 413 495 802
587 4 563 631 893 906
588 5 367 526 530 695 750
589 3 144 268 334
590 1 744
591 5 78 264 375 556 621
592 9 51 94 251 263 303 373 755 788 949
593 3 25 298 413
594 8 138 306 317 373 517 634 791 952
595 4 49 144 455 542
596 2 170 702
597 7 102 314 537 544 766 910 957
598 2 141 178
599 3 224 373 883
600 1 207
601 4 455 561 639 839
602 2 75 240
603 4 331 464 480 707
604 4 192 401 447 777
605 4 197 431 506 982
606 5 222 538 712 760 946
607 4 224 366 473 777
608 9 50 66 76 88 273 502 535 797 959
609 11 161 163 385 389 463 513 602 603 630 746 978
610 4 290 456 680 853
611 4 24 763 816 962
612 8 8 186 267 346 359 652 728 841
613 2 143 542
614 4 357 601 666 707
615 0
616 6 11 87 464 574 716 759
617 7 39 101 167 419 851 897 981
618 3 118 494 553
619 5 125 208 213 607 941
620 1 28
621 5 244 282 316 342 577
622 5 85 336 441 712 927
623 3 294 300 995
624 2 240 772
625 5 89 483 596 843 861
626 3 43 110 882
627 3 95 609 743
628 10 10 93 130 172 221 299 301 620 855 889
629 6 75 134 248 263 570 752
630 5 64 504 754 762 774
631 2 328 456
632 6 106 499 585 880 882 974
633 4 182 576 579 872
634 2 226 995
635 3 85 168 537
636 3 37 765 876
637 7 36 225 483 485 732 754 866
638 4 243 466 506 841
639 2 269 349
640 6 214 329 591 633 750 794
641 2 568 935
642 6 3 12 25 538 640 733
643 7 180 224 259 400 428 474 821
644 1 524
645 6 136 272 386 397 865 866
646 6 9 292 544 548 768 809
647 4 201 265 945 969
648 2 211 657
649 5 350 382 688 716 748
650 5 20 56 249 270 274
651 2 553 764
652 6 23 93 359 555 577 878
653 8 28 164 234 468 581 590 643 779
654 3 647 842 908
655 5 337 413 440 495 992
656 4 34 704 747 966
657 4 311 386 877 947
658 5 31 193 360 482 595
659 2 548 920
660 1 102
661 3 384 729 910
662 5 8 649 670 946 966
663 7 7 12 178 747 798 821 904
664 3 622 702 826
665 2 541 543
666 5 135 275 709 814 907
667 6 138 249 592 729 824 925
668 4 276 428 558 796
669 4 30 205 269 945
670 4 168 302 742 913
671 4 793 800 978 992
672 2 352 770
673 1 320
674 6 95 429 507 634 830 982
675 7 84 150 160 466 538 580 841
676 1 517
677 2 719 938
678 3 330 551 927
679 2 204 751
680 1 110
681 3 339 498 818
682 3 335 708 817
683 3 627 687 774
684 5 46 393 639 747 781
685 3 41 366 808
686 6 130 182 211 595 697 802
687 5 56 729 747 758 940
688 1 194
689 3 78 121 841
690 5 634 730 835 850 914
691 6 216 433 531 539 625 988
692 5 32 511 611 642 933
693 3 301 882 904
694 6 14 33 315 408 687 779
695 3 340 395 915
696 3 754 908 974
697 0
698 6 102 422 676 803 909 964
699 4 66 180 389 736
700 2 505 579
701 8 104 184 355 448 518 788 804 850
702 9 56 376 409 466 479 499 505 508 671
703 2 161 820
704 5 123 129 335 382 836
705 7 55 226 548 632 668 784 841
706 5 221 316 867 879 896
707 3 25 159 826
708 3 42 224 546
709 9 30 232 558 633 695 798 845 851 877
710 1 807
711 4 395 493 681 967
712 3 212 434 840
713 7 42 96 189 213 321 524 777
714 2 18 604
715 6 10 165 231 411 638 862
716 4 406 629 632 919
717 2 46 559
718 4 70 160 409 505
719 2 173 831
720 4 114 410 635 930
721 2 585 835
722 4 208 224 363 478
723 1 645
724 4 264 299 309 570
725 2 791 960
726 2 82 699
727 3 144 351 561
728 7 54 136 274 363 765 798 878
729 4 234 751 774 881
730 4 436 796 811 868
731 2 82 709
732 2 419 528
733 7 265 399 464 672 721 759 907
734 6 72 368 606 664 705 871
735 6 167 245 412 666 974 986
736 5 131 198 420 473 692
737 7 131 187 227 664 687 736 939
738 5 101 632 643 755 863
739 3 23 693 884
740 5 195 302 680 924 989
741 13 40 130 324 331 362 388 419 515 660 727 756 766 858
742 2 304 487
743 1 257
744 5 439 512 542 554 678
745 2 298 334
746 6 13 311 615 653 828 833
747 2 445 603
748 3 83 325 895
749 7 17 211 686 719 723 759 901
750 2 484 561
751 3 616 632 884
752 8 57 491 597 683 843 895 917 943
753 3 126 411 521
754 6 49 239 291 355 853 953
755 3 159 230 335
756 3 186 598 919
757 5 311 529 559 564 773
758 4 39 56 200 700
759 5 112 119 189 451 802
760 3 144 304 878
761 3 363 595 891
762 2 5 319
763 4 554 626 840 944
764 5 217 388 430 827 937
765 1 402
766 5 49 418 544 568 586
767 6 284 336 473 930 941 947
768 2 69 183
769 2 362 649
770 6 248 442 597 713 738 925
771 3 587 615 902
772 0
773 2 5 755
774 5 12 181 804 884 985
775 1 412
776 3 651 780 875
777 5 9 110 326 474 836
778 9 38 111 136 186 307 357 721 739 820
779 1 399
780 4 403 604 644 657
781 2 137 370
782 3 420 426 728
783 5 108 254 478 514 589
784 3 244 592 684
785 5 130 694 718 764 975
786 4 398 524 673 751
787 3 23 250 859
788 3 101 200 678
789 4 82 269 861 990
790 6 396 411 413 471 501 619
791 2 802 878
792 2 240 431
793 0
794 5 29 51 756 795 963
795 1 24
796 6 72 117 473 547 582 614
797 2 147 950
798 4 67 314 373 550
799 1 35
800 4 31 174 637 958
801 2 257 940
802 5 159 325 335 442 919
803 3 334 813 959
804 4 410 546 649 865
805 4 182 320 502 865
806 4 143 306 581 976
807 2 926 927
808 6 165 313 345 510 710 815
809 4 8 160 317 566
810 3 369 827 895
811 5 528 554 794 917 931
812 4 244 309 618 923
813 2 252 908
814 5 175 210 215 606 821
815 6 41 94 157 250 503 933
816 5 84 314 402 595 998
817 6 107 179 229 477 725 887
818 4 195 293 606 755
819 5 201 377 451 867 886
820 5 112 170 362 429 613
821 4 335 535 834 994
822 7 48 149 243 340 440 559 929
823 2 350 541
824 2 179 580
825 5 62 331 495 561 877
826 3 32 283 571
827 5 417 435 513 527 846
828 8 13 68 237 312 372 854 871 978
829 3 236 341 598
830 2 455 947
831 4 447 589 668 818
832 5 84 271 304 692 979
833 1 916
834 3 316 320 528
835 2 174 796
836 7 46 193 221 300 362 759 924
837 2 3 739
838 6 16 245 321 717 877 904
839 8 50 128 238 349 394 542 547 628
840 3 13 418 743
841 3 14 409 907
842 9 60 274 298 386 507 574 773 778 798
843 4 393 896 924 997
844 4 109 271 604 666
845 4 279 458 698 707
846 3 334 624 870
847 4 13 392 794 960
848 5 7 481 714 971 997
849 7 55 82 614 638 705 742 772
850 3 320 500 569
851 6 144 310 313 352 359 611
852 3 201 217 904
853 3 601 653 935
854 3 377 821 829
855 2 400 775
856 5 34 209 571 721 836
857 3 778 807 821
858 3 13 464 905
859 4 211 438 819 828
860 3 358 479 720
861 6 13 118 164 395 582 705
862 5 121 332 351 626 996
863 2 22 976
864 1 732
865 5 137 196 435 564 742
866 3 27 86 973
867 5 41 284 295 670 695
868 3 65 705 901
869 4 39 238 392 718
870 4 43 245 313 774
871 3 214 865 961
872 6 146 411 455 515 788 893
873 5 238 304 470 495 975
874 3 524 767 873
875 4 523 874 899 984
876 3 117 272 436
877 2 169 355
878 4 153 205 762 902
879 3 83 87 271
880 2 643 701
881 2 531 583
882 9 36 43 189 274 503 568 881 941 946
883 7 2 316 345 410 463 523 670
884 5 38 75 222 714 798
885 4 119 252 355 827
886 7 75 111 505 511 656 736 862
887 1 904
888 6 157 354 506 725 880 989
889 5 138 668 685 729 931
890 6 180 182 576 699 820 873
891 1 431
892 2 156 203
893 5 324 373 563 637 922
894 2 312 835
895 3 505 885 886
896 1 197
897 2 176 712
898 7 144 255 298 353 426 664 929
899 1 556
900 4 420 472 530 998
901 6 424 483 494 557 721 971
902 1 636
903 4 68 132 713 942
904 4 262 273 669 806
905 4 19 27 70 295
906 4 306 357 509 855
907 7 26 157 227 359 694 858 964
908 5 11 84 126 167 311
909 5 47 127 403 742 944
910 3 623 770 838
911 3 457 722 960
912 4 56 93 255 891
913 6 26 97 300 376 441 815
914 4 59 243 415 846
915 2 336 842
916 1 982
917 2 79 732
918 3 267 833 994
919 6 15 160 423 649 735 931
920 3 396 570 634
921 4 440 455 667 861
922 0
923 2 523 838
924 2 462 763
925 2 342 771
926 2 61 126
927 4 196 378 568 874
928 5 23 456 633 847 987
929 3 92 345 775
930 7 216 429 460 551 668 843 907
931 2 697 979
932 0
933 5 23 269 553 844 876
934 7 243 297 439 524 530 858 872
935 4 25 49 93 456
936 4 77 331 875 905
937 7 84 457 549 567 671 849 886
938 6 132 242 434 571 921 951
939 4 140 204 284 613
940 7 94 188 306 415 459 654 954
941 6 90 161 238 308 725 894
942 2 374 443
943 2 105 333
944 2 116 485
945 0
946 3 227 291 618
947 6 6 147 231 286 424 932
948 1 598
949 2 858 916
950 2 171 561
951 6 152 160 297 702 941 957
952 3 129 386 568
953 7 134 242 494 577 772 874 885
954 1 889
955 1 611
956 3 460 716 914
957 8 155 208 505 510 668 773 778 882
958 5 280 525 771 801 964
959 6 131 334 372 752 778 975
960 6 558 713 797 944 954 972
961 1 352
962 5 327 365 499 630 635
963 3 109 357 695
964 5 100 201 228 600 894
965 3 372 583 773
966 8 19 27 328 387 641 659 764 770
967 3 700 763 820
968 5 115 236 275 342 594
969 3 72 224 857
970 1 666
971 4 220 311 322 330
972 3 537 629 636
973 1 877
974 5 404 709 790 945 966
975 8 469 568 611 643 827 842 946 963
976 4 155 497 556 717
977 1 603
978 8 204 419 571 578 618 766 885 887
979 6 35 428 560 720 847 892
980 6 309 389 477 566 931 968
981 5 20 225 277 365 885
982 8 192 289 302 340 502 527 972 984
983 2 87 258
984 5 658 736 765 878 954
985 3 51 897 905
986 1 507
987 3 305 375 902
988 2 367 395
989 2 660 791
990 6 191 207 231 450 766 937
991 5 297 348 673 687 711
992 4 333 341 460 977
993 5 69 392 441 455 714
994 3 618 751 980
995 3 384 584 643
996 6 77 305 634 741 878 895
997 2 624 990
998 5 111 288 561 834 991
999 2 173 532
0.85
1e-006
100
